$ANSIBLE_VAULT;1.1;AES256
37366265656365306332663237353031303739653232646433656166336363653338343630313135
3836333764643864383966363966333831333533313164370a653661383461363232343435346437
33303439393331386631653163383763643534313138336231626637643734343133623462653461
6361343761323437340a313362616236626462333333373362393862343263353133626265313034
37343231616132636663353462613232326466653461316161366461333163366662656464386233
64613031613230343732633961333937313332663033323834616366346661333537653463363239
36356363383232316431356333346139336462323562303530626434353763653138363834333136
34376638386130353039303333636161323263383239356164303233653433343939613566303333
66353734316262643163623731323532373364326434343830313062336535303465323264643139
33346239363631346431386461333339616638643262383739386436636463653462646463363261
30626664366264333565366135616564653936643937343331663936363130333238633635363438
64643039383536616163323262303938333832383537346233613163363636313366383630376131
64663033376331643435386530386230316261333961353337666464343032323264333430323431
3666393636356563653633383462386365353732396462376439
