$ANSIBLE_VAULT;1.1;AES256
35356266393339313764376236666264303532353764653337353637326562333538623964656338
3337333237386532353563623766316165623337313337610a626261356133343238616437366463
63663264656538333134306239663861653563666665386136396130653262333062323765383165
6663373265313534300a336662386539356338633961613834393231326565323334386131656463
62623861393165346465343136636330646236313035323864326639376161323462376337653238
32336435343732333130346332646632613464653766346436356130373962313637313830626261
61636137333531323236653861636163323737646231383433646661336165376539636437333865
34383738333033613034646162323063383838383937623233646639323239653663643236613430
62306634383832343661646533363137363165376633636435633165626263373131386664336134
34353338353864323338346638633665353766343763343438636230633332623038343566393236
31303134666435343464666264636463346363353963373665346264653431316539333931333238
33663038373733613831626162666236376662656466373031393931633830333564376234356562
30663039326263343664636466303338366537313365393031386166373164326138316630343439
33653231643565353839653134316466326631316235643565663932666537386136666665616532
39323933343363633638653834616430616563373731653632616663306535656130326438326662
36653261383235326566656463323764643432383766363664663030373966323030643436333032
33363661646338326362393861373533613431623038313961663033366136366465633862323932
39353730366561323164643433313661363931653734383666383836656539653534386238646439
34663739383238616632306663613632393861623763303335373965373161393239306634383262
37353162656461363233396338393963666436613866303166346430373062396437316335343535
35663830343163613564653239316463316165326665333638636134656561346538643363383639
39316361323138623136636563313165323333303866376533326138323766366564383262646137
61646430623933316561653164343438323330626633306462623962623738343835306433353762
38663362313230306431373132316238313131316461343736313966353566313937633234633935
38616265303064643533626361363738306239393836346130633033316632333462636434393264
34386462613263643630646636303538363535363739336538666533326230633466616632366532
62323339356134636630333330613062663030366432663638376238646339613731633363626638
34333435333665353533613265663738363762623265343936356234623564356433616632396437
36346433343332393832653435363966353538333237616466643439663666633138613963386565
61313761656130323366663831396265353533393537643234393664666639363161666332313737
65383534663165376661346639626464373038646264623631353337616366666365366436633164
62323564323264623161383163353164393266626630313765343862343436616563316264393763
30376362663965343434623436383635343263636236663161313933616331356162373237383338
66393566363062653832353062393033623534333161333230346266353334323134393064343065
64323236366337633231373162393034633539626265396561613831613462386565363630356232
65636435376562633562393535636233623638353737306236626665323734393239383939653739
37303535376362323866373736323634306638656330363061656131316438313737323431663261
3364386538303364343062396231316261633432363335313039
